Track ID,Label,Action,Speed (km/h),Class,Date,Time
